%YAML:1.0
K0: !!opencv-matrix
   rows: 3
   cols: 3
   dt: d
   data: [470.170073, 0, 382.806247, 0, 469.844934, 216.276072, 0, 0, 1]
K1: !!opencv-matrix
   rows: 3
   cols: 3
   dt: d
   data: [470.877383, 0, 352.01427, 0, 470.501676, 230.927551, 0, 0, 1]
D0: !!opencv-matrix
   rows: 1
   cols: 5
   dt: d
   data: [-0.294144, 0.087365, -0.000173, 1.1e-05, 0]
D1: !!opencv-matrix
   rows: 1
   cols: 5
   dt: d
   data: [-0.299187, 0.095467, -0.000298, -0.000181, 0]
R0: !!opencv-matrix
   rows: 3
   cols: 3
   dt: d
   data: [0.999879, 0.000283, 0.015575, -0.000278, 1, -0.000303, -0.015575, 0.000299, 0.999879]
R1: !!opencv-matrix
   rows: 3
   cols: 3
   dt: d
   data: [0.999996, 0.00204, 0.002062, -0.002041, 0.9999979999999999, 0.000299, -0.002061, -0.000303, 0.9999979999999999]
P0: !!opencv-matrix
   rows: 3
   cols: 4
   dt: d
   data: [453.327266, 0, 361.235592, 0, 0, 453.327266, 223.585726, 0, 0, 0, 1, 0]
P1: !!opencv-matrix
   rows: 3
   cols: 4
   dt: d
   data: [453.327266, 0, 361.235592, -49.813913, 0, 453.327266, 223.585726, 0, 0, 0, 1, 0]
