%YAML:1.0
K1: !!opencv-matrix
   rows: 3
   cols: 3
   dt: d
   data: [ 4.7063640339769563e+02, 0., 3.8253478274493199e+02, 0.,
       4.7063640339769563e+02, 2.1632841976810539e+02, 0., 0., 1. ]
D1: !!opencv-matrix
   rows: 1
   cols: 5
   dt: d
   data: [ -2.9574044076415695e-01, 8.8621047712218834e-02,
       2.4081382838465193e-04, 1.1546509636349937e-04, 0. ]
K0: !!opencv-matrix
   rows: 3
   cols: 3
   dt: d
   data: [ 4.7163028963283432e+02, 0., 3.5168686058674660e+02, 0.,
       4.7163028963283432e+02, 2.3109288592798831e+02, 0., 0., 1. ]
D0: !!opencv-matrix
   rows: 1
   cols: 5
   dt: d
   data: [ -2.9694599962650614e-01, 9.1489834644736659e-02,
       -1.0187019140915926e-04, 4.8189210513462438e-05, 0. ]
R1: !!opencv-matrix
   rows: 3
   cols: 3
   dt: d
   data: [ 9.9997928388647173e-01, 6.1975712180192371e-05,
       6.4364553063144606e-03, -5.8862087058913274e-05,
       9.9999988117023975e-01, -4.8393673259007885e-04,
       -6.4364845337956710e-03, 4.8354784410919153e-04,
       9.9997916870719294e-01 ]
R0: !!opencv-matrix
   rows: 3
   cols: 3
   dt: d
   data: [ 9.9997404910616827e-01, 1.7852440557440819e-03,
       -6.9795428128099123e-03, -1.7818675074569312e-03,
       9.9999829243913618e-01, 4.8996632308101495e-04,
       6.9804056042815530e-03, -4.7751698746193648e-04,
       9.9997552265799305e-01 ]
P1: !!opencv-matrix
   rows: 3
   cols: 4
   dt: d
   data: [ 3.4287702594650966e+02, 0., 3.6745274734497070e+02, 0., 0.,
       3.4287702594650966e+02, 2.2395789527893066e+02, 0., 0., 0., 1.,
       0. ]
P0: !!opencv-matrix
   rows: 3
   cols: 4
   dt: d
   data: [ 3.4287702594650966e+02, 0., 3.6745274734497070e+02,
       -3.7648744725558380e+01, 0., 3.4287702594650966e+02,
       2.2395789527893066e+02, 0., 0., 0., 1., 0. ]
Q: !!opencv-matrix
   rows: 4
   cols: 4
   dt: d
   data: [ 1., 0., 0., -3.6745274734497070e+02, 0., 1., 0.,
       -2.2395789527893066e+02, 0., 0., 0., 3.4287702594650966e+02, 0.,
       0., 9.1072631623158156e+00, 0. ]
