%YAML:1.0
K0: !!opencv-matrix
   rows: 3
   cols: 3
   dt: d
   data: [470.2032946056214, 0, 382.30609728243394, 0, 470.09183632381814, 214.51174029093548, 0, 0, 1]
K1: !!opencv-matrix
   rows: 3
   cols: 3
   dt: d
   data: [471.42833426343685, 0, 352.22414615131913, 0, 471.1620624242308, 229.1360391713349, 0, 0, 1]
D0: !!opencv-matrix
   rows: 1
   cols: 5
   dt: d
   data: [0.021310451135199516, -0.08328060594911565, 0.2042228604294305, -0.16272323619158954, 0]
D1: !!opencv-matrix
   rows: 1
   cols: 5
   dt: d
   data: [0.01982103617368684, -0.08374270068853508, 0.21696442449247855, -0.17998345005932032, 0]
T: !!opencv-matrix
   rows: 4
   cols: 4
   dt: d
   data: [0.9999282727982419, -0.00161631910298507, 0.011867466927541922, -0.10990207301782477,
     0.0016253535032353386, 0.9999983966083873, -0.000751669234771962, -0.0001060606641538364,
     -0.011866232962001733, 0.0007709041485863162, 0.9999292966115552, 0.0011633920429008203,
     0.0, 0.0, 0.0, 1.0]
