%YAML:1.0
K0: !!opencv-matrix
   rows: 3
   cols: 3
   dt: d
   data: [469.626336, 0, 382.76048, 0, 469.298802, 215.020834, 0, 0, 1]
K1: !!opencv-matrix
   rows: 3
   cols: 3
   dt: d
   data: [471.905169, 0, 351.512196, 0, 471.74734, 229.011171, 0, 0, 1]
D0: !!opencv-matrix
   rows: 1
   cols: 5
   dt: d
   data: [-0.301903, 0.09777799999999999, 0.00053, -0.000331, 0]
D1: !!opencv-matrix
   rows: 1
   cols: 5
   dt: d
   data: [-0.298036, 0.09229, -8e-06, -0.00035, 0]
R0: !!opencv-matrix
   rows: 3
   cols: 3
   dt: d
   data: [0.9994719999999999, -0.004477, -0.032185, 0.004483, 0.9999899999999999, 0.000118, 0.032185, -0.000262, 0.999482]
R1: !!opencv-matrix
   rows: 3
   cols: 3
   dt: d
   data: [0.9989009999999999, -0.002986, -0.04678, 0.002977, 0.999996, -0.00026, 0.04678, 0.00012, 0.9989049999999999]
P0: !!opencv-matrix
   rows: 3
   cols: 4
   dt: d
   data: [453.381126, 0, 394.749313, 0, 0, 453.381126, 223.07876, 0, 0, 0, 1, 0]
P1: !!opencv-matrix
   rows: 3
   cols: 4
   dt: d
   data: [453.381126, 0, 394.749313, -50.006672, 0, 453.381126, 223.07876, 0, 0, 0, 1, 0]
