%YAML:1.0
Ric_0: !!opencv-matrix
   rows: 3
   cols: 3
   dt: d
   data: [ 9.9983384535148945e-01, 1.5330307758261051e-02,
       -9.8622184974542053e-03, -1.5360150005952540e-02,
       9.9987765254801808e-01, -2.9573175108654971e-03,
       9.8156752925696866e-03, 3.1083112943263201e-03,
       9.9994699405490939e-01 ]
Tic_0: !!opencv-matrix
   rows: 3
   cols: 1
   dt: d
   data: [ -4.1908290720740031e-02, 3.3729426371670720e-03,
       -1.7686484362696962e-02 ]
dist_coeff_0: !!opencv-matrix
   rows: 5
   cols: 1
   dt: d
   data: [ -2.9811276579060292e-01, 9.3370339736570968e-02,
       4.6592364424762322e-04, -2.3975961270137629e-04, 0. ]
K_0: !!opencv-matrix
   rows: 3
   cols: 3
   dt: d
   data: [ 4.6805190517578387e+02, 0., 3.5022514406334432e+02, 0.,
       4.6662359627801300e+02, 2.2855523902804919e+02, 0.,
       4.6286266934624811e+228, 1. ]
Ric_1: !!opencv-matrix
   rows: 3
   cols: 3
   dt: d
   data: [ 9.9990205876891403e-01, 1.3876528258161330e-02,
       -1.8206683355723890e-03, -1.3881092020618040e-02,
       9.9990048147709665e-01, -2.5184173971058849e-03,
       1.7855402551721501e-03, 2.5434436049107290e-03,
       9.9999517135865534e-01 ]
Tic_1: !!opencv-matrix
   rows: 3
   cols: 1
   dt: d
   data: [ 6.8363199733532831e-02, 3.5257192605357849e-03,
       -1.8018538064755649e-02 ]
dist_coeff_1: !!opencv-matrix
   rows: 5
   cols: 1
   dt: d
   data: [ -2.9843901893831248e-01, 9.3957077401890909e-02,
       7.4233466431223086e-04, -1.4112467571369931e-04, 0. ]
K_1: !!opencv-matrix
   rows: 3
   cols: 3
   dt: d
   data: [ 4.6698172187522010e+02, 0., 3.8184178503743982e+02, 0.,
       4.6556021271852012e+02, 2.1306231299640010e+02, 0.,
       2.0553130866995856e-321, 1. ]
